-0.118963 -2.9507 0.517075 -1.94525 1.76462 -0.182705 0.735259 0.442902 0.313513 0.202799 -0.839237 -0.0653892 -0.361582 
-0.184833 -2.7775 0.909779 -2.00866 1.52668 -0.590913 0.650974 0.326881 -0.177055 -0.0341055 -0.571916 0.231013 0.170549 
0.235258 -2.48829 0.541519 -1.5647 2.25767 -0.186928 0.773571 0.431153 0.567232 -0.103145 -1.24851 -0.115073 0.0478869 
0.687927 -1.70155 0.420707 -1.61042 1.67424 -0.516613 0.680429 0.271185 0.143508 0.146895 -0.48744 0.0359834 0.274958 
1.0403 -1.63174 0.317351 -1.3418 1.38649 -0.568548 0.565486 0.436772 0.0881656 0.330858 -0.509339 -0.183468 0.520403 
1.59813 -1.23678 0.522309 -1.20916 1.49726 0.417562 0.72415 -0.0861089 -0.111212 -0.0280737 -0.503666 -0.447423 0.216477 
1.11496 -1.11236 0.97145 -1.21503 0.866522 0.0411468 0.815493 -0.0498117 -0.39034 -0.148527 0.198684 -0.181993 0.527019 
0.789284 -1.43558 1.28583 -0.568744 1.66092 0.527558 0.782357 -0.13915 -0.144032 -0.064264 -0.285548 0.186892 0.314644 
0.854854 -1.11981 0.973879 -0.935283 0.268156 -0.0299317 0.284893 -0.239134 0.042224 -0.274329 -0.0553018 0.0990813 0.272873 
1.15844 -1.00299 1.16662 -1.02859 0.511394 -0.416916 0.367863 0.0666079 0.120982 0.460855 0.482718 0.0597462 0.251728 
0.656953 -1.09899 1.70567 -0.571832 0.362953 -0.35137 0.112369 -0.0849417 0.00390463 0.380075 -0.183985 -0.460809 -0.121034 
0.735085 -1.08681 1.40005 -0.428839 0.822201 -0.21593 0.17669 -0.313296 -0.0822052 -0.32108 0.157642 0.208777 0.371859 
0.768516 -0.813436 1.30822 -0.701747 1.00797 0.363047 0.723008 0.122519 0.165827 -0.0332924 -0.233794 -0.38301 0.0650392 
0.260424 -1.38644 1.30647 -0.364639 0.34282 -0.358792 0.0546529 -0.185126 0.14992 0.324972 -0.159379 -0.116916 -0.208728 
0.79424 -0.84795 1.60047 -0.518842 0.908467 -0.0877541 0.401607 -0.25048 0.321254 0.240538 0.0929203 0.0844838 0.103025 
0.733953 -1.38825 1.1222 -0.67986 0.860658 -0.0619937 0.355733 -0.0809218 0.395924 0.346244 0.42936 0.388229 0.289117 
1.23514 -0.823287 0.981051 -0.377551 0.826681 -0.458607 0.253015 -0.171473 0.285136 -0.0737132 0.0932894 -0.10958 -0.119005 
0.897172 -0.679834 1.96274 -0.169268 0.90743 0.219151 0.0673636 -0.567461 0.118291 -0.164154 -0.215199 -0.2659 0.34891 
1.50059 -0.576032 1.53483 -0.806965 0.468248 -0.285246 0.269834 -0.446931 0.133809 0.295479 -0.307149 -0.36812 -0.0100841 
0.927981 -0.671875 1.84103 -0.252053 0.572851 -0.598939 0.31172 0.113669 0.424471 0.108047 -0.12313 -0.501447 0.0154641 
1.08058 -1.09618 1.16337 -0.541637 0.7629 -0.422778 0.0234542 -0.369798 -0.305281 0.342837 -0.00406151 0.142417 0.175219 
1.10942 -0.431905 1.77988 -0.2014 0.823811 -0.264406 0.131215 -0.266208 0.21519 0.28221 -0.418969 -0.379876 0.260106 
1.34405 -1.14436 0.811826 -1.08419 0.498956 -0.544562 0.0656262 -0.237914 0.196579 0.116457 0.0363731 -0.238457 0.257533 
0.577203 -1.04436 1.62532 -0.415666 0.439886 -0.347044 0.38722 -0.255909 -0.101278 0.169068 0.254308 0.0956218 0.172959 
0.860856 -1.24268 0.986422 -0.860196 0.949924 0.0153076 0.466076 -0.074268 0.417781 0.11945 0.0404805 -0.0753035 0.624961 
0.840611 -1.37529 1.02909 -0.549271 0.846923 -0.55002 0.394895 -0.186599 0.041084 -0.288671 -0.521931 -0.0753499 0.0358345 
0.39238 -1.00324 1.47616 -1.01087 0.508876 -0.237976 0.592099 0.0682416 -0.125961 -0.136848 -0.193708 -0.349276 0.074291 
0.420612 -1.12726 1.3094 -0.835374 0.536441 -0.170084 0.439145 0.0302779 -0.0531672 0.0175894 0.223725 0.345097 0.114858 
0.550465 -1.27815 1.31604 -0.300543 0.746093 -0.440407 0.417045 0.293057 -0.142409 0.153291 0.0651696 -0.192135 0.111174 
0.731083 -1.53538 1.22082 -0.440395 0.389237 -0.368057 0.0753202 -0.14034 0.134617 0.0968062 -0.0227805 -0.155951 -0.208581 
0.311215 -1.14054 1.12681 -0.527211 0.393434 -0.66411 0.231095 0.316982 0.587999 0.465286 0.0266641 -0.0211963 0.00938721 
0.656161 -1.33724 1.12314 -0.92193 0.554527 -0.0194912 0.436408 0.274906 0.428293 0.322774 -0.211404 -0.330738 -0.211364 
0.954815 -1.31311 1.12265 -0.946832 0.549478 -0.444055 0.158803 -0.108285 0.012211 0.237091 0.176151 -0.420458 -0.01725 
0.909843 -0.608769 1.0126 -1.09848 0.524597 -0.333627 0.264767 -0.544717 -0.104417 0.203115 -0.353304 -0.212471 0.211757 
0.315502 -1.19313 1.60295 -0.743175 0.345218 -0.394415 -0.071898 -0.192028 0.128749 0.337314 -0.205395 -0.426604 -0.111308 
0.573145 -1.40115 1.5281 -0.314379 0.208785 -0.850879 -0.0640774 0.0356434 0.265596 0.0797939 0.0520568 -0.0226212 0.491252 
0.697245 -1.34643 0.970609 -1.05141 0.104981 -0.542229 0.18484 -0.424722 -0.167447 0.203372 -0.0472086 0.370736 0.423717 
0.758908 -1.57659 0.778842 -0.966604 0.302885 -0.391192 0.149765 -0.197061 0.13055 0.123561 -0.074011 -0.185588 0.531241 
0.132618 -1.50449 0.792266 -0.994501 0.394621 -0.258447 0.56053 0.00675302 -0.0881065 -0.0758853 -0.473095 -0.443116 0.346803 
0.334104 -1.56864 1.51503 -1.09539 -0.0466714 -1.06862 0.244855 -0.169458 0.091608 -0.00624452 -0.201024 0.0883273 0.267152 
0.959048 -1.28486 1.11958 -0.636008 0.258091 -0.228367 0.113671 -0.000894117 0.166936 0.0173221 -0.0858237 0.093703 0.154507 
0.752998 -1.23255 1.1999 -0.641977 0.328162 -0.272365 0.419553 -0.0785724 0.0422853 0.126765 -0.0838733 0.00771222 0.295879 
0.848754 -1.05525 1.33067 -0.732706 0.439446 -0.394129 0.311181 0.297843 0.462736 2.80857e-005 -0.0197902 0.0373474 0.429943 
0.735043 -0.955577 1.16175 -0.771659 0.323501 -0.184321 0.49972 0.294272 0.280976 0.137131 -0.184779 -0.128944 0.471184 
0.533278 -0.761837 1.5809 -0.373715 0.606241 -0.225193 0.286436 -0.139365 0.0927411 0.364798 -0.227438 -0.0638899 -0.0813737 
0.897013 -1.42626 0.999542 -0.55489 0.828219 -0.308427 -0.0585572 -0.507088 -0.0109906 0.209337 0.00911074 -0.223263 0.00921154 
0.961536 -1.2228 1.05854 -0.902217 0.377163 -0.504893 0.928114 0.222222 0.0892169 0.0219441 0.188485 -0.0249501 0.645876 
0.823097 -0.887877 1.24723 -1.32359 -0.0651487 -0.288554 0.518585 -0.398801 -0.0817131 -0.053983 -0.311493 -0.0605329 -0.0295593 
0.813726 -1.02293 0.985302 -0.861744 0.502675 -0.688099 0.0987942 0.0984937 0.143246 0.139187 -0.403525 -0.227038 0.185132 
0.962599 -1.2751 1.07051 -0.577707 0.859731 -0.420003 0.0964495 -0.130826 0.174024 0.280139 -0.280072 -0.227442 0.260252 
1.24545 -1.14879 1.04147 -0.69371 0.448011 -0.312023 -0.0299 -0.364562 0.128381 -0.137672 -0.308665 -0.190668 0.35859 
0.8632 -0.886446 1.01367 -0.808209 0.522079 -0.192664 0.619481 -0.179462 0.284254 0.149208 0.00727186 -0.0255167 0.178123 
1.00117 -0.725299 0.897006 -1.00429 0.525846 -0.509379 0.131599 -0.241737 -0.132295 -0.00840602 -0.300516 0.00300164 0.257294 
1.29674 -0.777407 1.2776 -0.492478 0.530322 -0.414636 0.189027 -0.197961 0.0890807 0.172138 -0.192693 -0.0446244 0.14525 
0.950961 -1.31973 0.782828 -0.925141 0.518187 -0.361384 -0.0503571 -0.321114 0.0632668 0.0986597 -0.0252629 -0.117447 0.192048 
0.155077 -1.16179 1.52528 -0.368828 1.21054 0.214092 0.43076 -0.501203 -0.0352156 -0.327208 -0.115923 -0.10984 0.163985 
1.0084 -1.23084 0.915691 -0.78922 0.552388 -0.609811 -0.0733945 -0.465206 0.227623 0.484489 0.161256 0.170396 0.314491 
0.998931 -0.60444 1.64949 -0.402719 0.523729 -0.662176 0.0602955 -0.337232 0.0279469 0.130847 -0.0242076 0.20405 0.277142 
1.08407 -1.23347 1.00608 -0.704929 0.0127241 -0.738538 0.415346 -0.129941 0.0689004 0.0393507 0.0736907 0.201497 0.253837 
0.436066 -1.42823 1.36208 -1.05027 0.550795 -0.502191 0.265894 -0.46748 -0.0925682 0.23194 0.0494779 -0.0159461 0.687491 
0.648382 -1.17138 1.5124 -0.426348 0.654236 -0.72359 -0.0708971 -0.594636 -0.216981 -0.072334 0.2609 0.0811703 0.212494 
0.982127 -0.964662 1.16414 -0.637893 0.830598 -0.156836 0.362579 -0.136614 -0.0539228 -0.0608315 0.123008 0.251019 0.369387 
0.6374 -0.482246 1.99891 -0.599785 0.664923 -0.444323 0.233365 -0.132084 0.240242 0.186652 -0.268387 -0.200747 -0.0253767 
0.834567 -0.905297 1.26689 -0.494689 0.701442 -0.551886 0.0605715 -0.118613 0.0790772 -0.0997732 -0.051295 -0.0641926 0.104205 
0.469203 -0.961785 1.3243 -0.315389 0.622926 -0.437689 0.368632 0.0387482 0.199963 0.0819117 -0.236081 0.0480208 -0.102625 
0.506733 -1.02432 1.40305 -0.421582 1.17312 0.193781 0.0934623 -0.920719 -0.250137 0.0538422 -0.241656 0.075062 0.526902 
1.2152 -1.06627 1.54404 -0.730308 0.570426 0.0851025 0.531142 0.279094 0.24167 -0.0638438 0.256609 0.17772 0.570321 
0.42218 -1.20001 1.53471 -0.33286 0.705529 0.117044 0.439453 -0.124864 -0.157407 -0.231118 0.0364777 -0.103656 -0.0900051 
0.534164 -0.848532 1.18485 -1.00415 0.188567 -0.176256 0.829102 0.563215 0.185789 0.316634 0.00487905 0.284762 0.263861 
0.498056 -1.08595 1.15743 -0.413355 0.947221 -0.395715 0.328893 0.0880487 -0.0126888 -0.415006 -0.647996 -0.199968 0.137416 
0.874746 -1.10752 1.07925 -0.758171 0.666876 -0.0476436 0.810283 0.136527 0.128943 0.095722 -0.133412 0.125436 0.401691 
0.682321 -1.17131 1.36598 -0.821868 0.468004 -0.161502 0.362655 -0.156215 0.128224 0.361527 -0.014493 -0.273185 0.201821 
0.909112 -1.36256 1.00195 -0.854397 0.994873 -0.154118 -0.0610642 -0.751826 -0.446472 -0.0942439 0.215751 -0.108971 0.116742 
0.84381 -0.550497 1.39914 -0.70187 0.701282 0.148014 0.52101 -0.476215 -0.553404 -0.0236269 -0.0657024 0.305973 0.225185 
0.934527 -1.27488 0.531373 -0.689907 0.590447 -0.387206 0.339824 -0.673571 -0.476751 -0.111581 -0.121037 -0.180247 -0.263751 
1.41196 -0.451291 1.09486 -0.647059 0.911311 -0.171643 0.25377 -0.307776 -0.607232 -0.39856 0.0341914 0.0515826 0.127746 
0.966817 -0.579934 1.70372 -0.374193 0.752304 -0.154471 0.535999 -0.0113044 0.151653 0.649155 0.316121 0.167907 -0.0398625 
0.606089 -1.13993 1.82882 -0.275156 0.800747 -0.686754 0.136772 -0.388274 0.0902329 0.414505 -0.0448009 -0.0387569 0.34456 
0.670501 -1.2443 1.00819 -0.605388 0.838677 -0.517604 -0.29524 -0.438936 0.0505341 0.28634 -0.153043 0.118129 0.074922 
1.02886 -0.40282 2.01393 -0.711398 0.350994 -0.493445 0.274471 0.211168 0.405842 0.0723184 -0.382369 -0.628886 -0.0730565 
1.23384 -0.560025 1.54164 -0.58606 0.716275 -0.0795906 0.390363 -0.382996 0.287114 0.183668 0.0310194 0.00738158 0.348277 
0.729148 -1.15097 1.54768 -0.200656 0.689785 -0.455278 -0.108094 -0.34715 0.104556 0.54329 0.262004 0.124086 0.319294 
0.572145 -1.07991 1.01057 -0.731884 0.823475 -0.474673 -0.171166 -0.415809 -0.0780186 0.202536 0.100346 0.00923839 -0.149275 
0.637769 -0.899699 1.62581 -0.0182574 0.873772 -0.154246 -0.00789642 -0.397434 0.0848917 -0.0385476 -0.152465 -0.117113 0.614605 
0.849369 -1.04612 1.21083 -0.765189 1.05864 0.0392055 0.815638 -0.0624766 0.474711 0.667541 0.528645 0.0514113 0.0725489 
0.684947 -1.02324 1.51089 -0.445196 0.735728 -0.040753 0.149296 -0.125413 0.0604725 0.0241783 -0.276604 -0.269507 -0.0314782 
1.20566 -0.64543 1.43242 -0.518789 0.592384 0.36338 0.909206 0.170249 0.854026 0.655669 -0.11371 -0.219814 0.154563 
1.11359 -0.981205 1.42297 -0.3754 0.707362 0.0222299 1.00017 0.46344 0.454155 0.0140695 -0.250006 -0.111098 0.263077 
1.07172 -0.772071 1.33291 -0.911752 0.529348 -0.126676 0.809212 0.465151 0.160008 -0.260001 -0.143528 0.0973378 0.315597 
1.17343 -1.24788 0.686226 -1.07573 0.769561 -0.245555 0.705449 0.649394 0.364947 0.0999585 -0.0698752 0.0365433 0.378758 
1.41821 -0.801071 0.724903 -1.06059 0.599891 -0.305126 0.275257 0.504836 0.228687 -0.509563 -0.846809 -0.549651 0.0597938 
1.2996 -1.43125 0.498347 -1.19171 0.418109 -0.1449 0.524926 -0.0116145 0.329732 0.237757 -0.119493 -0.227327 0.514214 
0.757857 -1.03227 1.33235 -1.10411 0.125103 -0.506633 0.556729 0.0812314 -0.0726866 0.286242 0.0942361 -0.284825 0.147473 
1.05647 -1.056 1.14145 -1.03788 0.200208 -0.479415 0.0688242 0.0224209 0.625558 0.173904 -0.453849 -0.0436143 0.288902 
1.08882 -1.1397 0.644915 -0.727685 0.442069 -0.275465 0.67539 0.144087 -0.0317819 0.0296051 -0.0690029 -0.226385 0.139863 
1.25027 -1.374 0.743741 -0.507561 0.583564 -0.056324 0.60138 0.292149 0.27121 -0.338241 -0.130054 0.402175 0.0602272 
0.601236 -1.46528 1.76988 -0.226028 0.745329 -0.257352 0.608128 -0.253356 -0.197691 0.0637819 0.0423874 -0.171675 0.187816 
0.559029 -1.7889 0.737141 -1.09594 0.510087 -0.0134153 0.843617 0.147252 0.0520931 -0.00287619 -0.0177094 0.328212 0.440546 
0.93622 -0.729997 1.37391 -0.900793 0.558944 -0.762524 0.400315 0.0394347 0.186856 -0.0126188 -0.337088 -0.176687 0.412307 
0.908527 -0.825175 0.945435 -0.93249 0.564655 0.0188251 0.593682 0.170808 0.260421 -0.00532784 -0.112622 0.089627 0.161553 
0.949712 -1.3631 0.746222 -1.05453 0.489572 -0.356598 0.405718 0.0277945 0.272069 0.456865 -0.132948 -0.216101 0.144522 
0.921409 -1.40356 1.39492 -1.28794 0.199462 -0.0749436 0.516353 0.0223594 0.0158689 -0.0596668 -0.0568224 -0.1456 0.400692 
0.818351 -0.793965 1.54795 -0.915683 0.270392 -0.208051 0.0599725 -0.412707 -0.0497776 0.289879 -0.310845 -0.303582 0.230361 
1.14621 -1.09983 0.71761 -1.5386 0.277346 -0.380095 0.557864 0.286307 0.257796 -0.302306 0.0131533 -0.182702 0.137605 
0.717589 -1.53918 0.647038 -1.20807 0.524202 -0.467652 0.448384 0.0808853 0.294374 0.0983346 -0.339161 -0.355251 0.389419 
0.885973 -0.907468 1.21473 -0.748527 0.527036 -0.00385671 0.365533 0.235336 -0.0533946 0.206816 -0.412946 -0.723969 -0.153094 
0.868802 -0.88409 1.25394 -0.837387 0.588857 -0.256961 0.238758 -0.243744 0.00696349 0.0300093 0.220869 -0.0439576 0.440995 
0.970074 -1.16109 0.945707 -0.755036 0.377851 -0.362064 0.825592 0.736424 0.372261 -0.326161 -0.732732 -0.669072 0.146236 
0.795857 -1.10295 1.12008 -0.983363 0.258957 -0.436457 0.620477 0.168886 0.0285411 -0.395794 -0.323705 0.287476 0.42336 
1.12287 -0.893697 1.14035 -0.599795 0.498178 -0.0639134 0.674476 0.178922 0.269584 0.31575 -0.319172 -0.052036 0.151597 
0.639056 -1.51129 1.03425 -0.832076 0.425775 0.00550213 0.210437 -0.599493 -0.321243 -0.339985 -0.480569 -0.662244 -0.451593 
0.63074 -1.30985 1.08775 -0.527092 0.585795 -0.107058 0.312915 -0.373575 0.0439269 0.0823555 -0.119184 -0.116438 0.247994 
1.15199 -1.17992 1.34081 -0.702946 0.537078 -0.305688 0.333369 0.0502313 0.301088 -0.0826964 -0.0197849 -0.230607 0.0809897 
0.784568 -0.859131 1.40572 -0.696499 0.499423 -0.178208 0.121387 -0.135524 0.332938 0.503006 0.0264871 0.0290949 0.266427 
0.874734 -1.26642 1.31049 -0.487947 0.643034 -0.413349 0.0577717 -0.249325 0.287421 0.0392502 0.0602102 3.49045e-005 0.0451456 
1.08369 -0.518583 1.88491 -0.187573 0.465052 -0.671869 0.520175 0.162491 0.253483 0.441736 -0.0515747 -0.00770659 0.347508 
0.847394 -0.991116 1.81958 -0.0880211 1.18583 -0.0347572 0.501918 -0.126075 0.10222 0.562319 0.30884 0.46693 0.574951 
0.776894 -1.13158 1.40372 -0.301261 0.598575 -0.376473 0.0417624 -0.722995 -0.257116 0.0853425 0.0451843 -0.0808199 0.142796 
0.899222 -1.01991 1.06706 -0.265841 0.376268 -0.432101 0.292243 0.0752097 0.135387 -0.141413 -0.0630065 0.162897 0.386797 
0.821211 -0.9755 1.24542 -0.37886 0.703943 -0.397174 -0.0548335 0.0470173 0.421329 0.419127 0.122922 -0.0741962 0.0850672 
1.1606 -1.0936 1.31388 -1.05469 0.476963 -0.51021 0.499653 0.263757 -0.0886194 0.077943 0.394517 0.386183 0.497193 
1.01859 -0.907962 1.69161 -0.727601 0.506763 -0.265664 0.330265 -0.155944 0.0871366 0.504935 0.10771 0.0377911 0.382911 
1.04579 -1.01316 1.28867 -0.127275 0.950786 0.0331267 0.328636 -0.00445404 0.390622 0.246739 -0.163437 0.0417129 0.496548 
0.76834 -1.55851 1.49346 -0.20786 1.04912 0.207693 0.752992 0.384598 0.617421 0.240547 -0.0991859 -0.303676 0.371847 
0.897137 -1.32696 1.47971 -0.201393 1.02032 -0.0439795 0.857918 0.212038 0.248809 0.0167322 -0.217579 0.134643 0.158703 
0.808961 -0.940611 1.67034 -0.421052 0.994369 0.0891392 0.708792 0.081299 -0.0208638 -0.00710487 0.0123268 -0.0795696 0.156609 
1.11957 -0.690056 1.68758 -0.525558 0.18572 -0.33715 0.674898 0.0253045 0.22183 0.118499 -0.236508 -0.10794 0.452262 
1.00754 -0.764327 1.30649 -1.19008 0.473179 -0.550487 0.216498 -0.0149985 -0.118549 0.345152 0.554253 0.186455 0.467261 
1.2829 -0.65032 1.49438 -0.548805 0.370851 -0.609331 0.309837 -0.288159 -0.27997 -0.210164 0.30618 0.178746 0.245011 
0.567505 -1.27509 1.3579 -0.790089 0.355829 -0.628672 -0.293959 -0.661361 -0.121997 0.340629 -0.27068 -0.414335 -0.0747053 
1.1022 -1.23319 0.95192 -0.851967 0.329101 -0.527877 0.480918 -0.0902731 -0.159113 0.0725275 0.160363 0.167789 0.149286 
0.440177 -1.52119 0.993803 -0.619089 0.688597 -0.600489 0.110383 -0.124935 0.069216 0.528804 0.516338 0.214486 0.16216 
0.490857 -1.19423 1.27792 -0.544349 0.752895 0.0302612 0.156359 -0.629058 -0.32535 0.0656487 0.0187385 0.205774 0.346879 
0.680621 -1.19912 1.17827 -0.747748 0.338671 -0.582128 0.313224 0.123436 0.108934 0.0846251 0.179549 0.178469 0.0992964 
1.1131 -1.29483 1.17778 -0.46511 0.805563 -0.333797 -0.0991539 -0.421781 0.0479917 0.290455 -0.0184776 0.11861 0.38067 
1.30269 -0.877503 1.1804 -1.14459 0.482851 -0.44351 0.0403512 -0.279225 0.20935 0.556673 -0.160712 -0.220346 0.601156 
0.635363 -1.31595 0.827643 -0.473425 0.956411 -0.537321 0.601554 0.192806 -0.0742527 0.156919 -0.318161 -0.0573904 0.263128 
0.768228 -0.913585 0.967007 -1.13485 0.418359 0.271802 0.558978 0.180314 -0.00764599 0.280813 0.0215698 0.170857 0.211987 
0.758666 -1.22228 1.10785 -0.723833 0.234022 -0.308764 0.352616 -0.14667 0.0791971 0.00335879 0.24337 -0.317942 0.229264 
0.887992 -1.23323 1.10624 -0.760377 0.427642 -0.455397 0.135851 0.323869 0.0854797 -0.249643 -0.16813 -0.0726742 0.203156 
0.0626812 -1.50594 1.18129 -0.607024 0.536896 -0.117495 0.244537 -0.434945 -0.316668 0.0852508 0.339869 0.176853 0.244376 
1.18767 -0.85805 1.57735 -0.366812 0.431614 -0.480185 0.114103 -0.0174009 0.165872 0.00635419 0.447423 0.347798 -0.0103794 
0.894563 -1.32544 1.65723 -0.324871 0.544491 -0.899719 0.311251 -0.0809684 0.144379 0.286872 -0.0191976 0.321782 0.750117 
0.768026 -1.34227 1.67279 -0.288813 0.64094 -0.186141 -0.0148382 -0.834711 -0.853594 -0.136523 -0.0835132 -0.074252 0.161298 
0.349831 -1.14943 1.35909 -0.603203 0.426912 -0.823506 -0.0674318 -0.0357673 0.258352 0.263339 -0.115674 -0.00868096 -0.0577042 
1.14206 -1.02723 1.19321 -0.83446 0.727421 -0.259886 -0.251779 -0.688473 -0.0538192 0.262252 0.0148419 0.380781 0.36606 
0.571542 -0.844812 1.76196 -0.604107 0.696083 -0.197423 0.216514 -0.526838 0.211455 0.085623 -0.235657 -0.417077 0.0289331 
0.66114 -0.970256 1.29118 -0.362438 0.772222 -0.262948 -0.0499037 -0.45123 0.287995 0.691592 0.530053 0.254972 0.127683 
0.000171995 -1.91606 0.542927 -0.962975 0.254783 0.0480547 0.783763 0.195871 0.61361 0.184401 0.229714 -0.154563 0.0364923 
0.902942 -1.18789 0.944474 -1.03702 0.478963 -0.156419 0.499474 -0.0592202 0.250005 -0.04598 -0.325995 -0.201336 0.191437 
0.651657 -1.21064 1.31978 -0.327582 0.535468 -0.436143 0.267242 -0.00408645 -0.242741 0.247222 -0.110951 -0.0610921 0.52763 
0.643725 -1.35816 1.26465 -0.306832 0.512375 -0.57725 0.195946 -0.403486 -0.0342859 0.297264 0.221171 -0.194531 0.58264 
1.38232 -0.974671 0.853691 -0.466576 1.12364 -0.323092 0.275029 -0.232142 0.160697 -0.0717415 -0.188313 -0.0710305 0.300466 
0.869189 -1.22404 0.778868 -0.827979 0.322051 -0.49285 0.184683 0.0234735 0.0757461 0.382446 0.289828 -0.131313 0.0832563 
0.956813 -0.847648 1.18114 -1.05358 0.0168449 -0.802297 0.157684 -0.373365 -0.259679 -0.0645483 0.23257 0.206119 -0.060565 
0.605901 -1.0939 1.43971 -0.443134 0.701312 -0.0911644 0.379468 0.0786369 0.0768408 0.038587 -0.323591 -0.495567 -0.260926 
0.745436 -1.31015 0.904142 -0.980931 0.0616278 -0.574899 0.117982 -0.299205 0.253257 0.0297795 -0.0506837 -0.0941375 0.0915393 
0.525451 -1.09267 1.50968 -0.518131 0.398752 -0.500887 0.240375 -0.191551 0.315858 0.660011 0.0576162 0.134311 0.383152 
0.501669 -1.38049 0.925394 -0.757274 0.82045 -0.182865 0.273523 -0.495563 -0.0428416 -0.0339749 0.131926 0.336163 0.274819 
1.10249 -0.594246 1.50279 -0.545137 0.726065 -0.422045 0.312087 -0.113931 0.0898982 0.496047 0.497247 0.243395 -0.0289033 
1.23905 -0.926188 1.0728 -0.91673 0.672292 -0.231173 0.478427 0.228334 0.384341 0.0996441 -0.0699786 0.152556 0.180346 
0.755057 -1.39949 1.35137 -0.560226 0.68563 -0.38077 0.361684 -0.494228 -0.370741 -0.160664 -0.107924 -0.199004 0.0348899 
0.969863 -0.955417 1.18756 -0.758785 0.543393 0.0676611 0.360427 -0.282172 0.130531 0.195585 -0.0735787 -0.287043 -0.151254 
0.439808 -0.962085 1.011 -0.76827 0.551915 -0.277596 0.474946 0.272246 0.189949 0.015095 -0.0783104 0.104996 0.511412 
0.675155 -0.993782 1.43669 -0.47182 0.678837 -0.20082 0.207542 -0.175061 -0.202927 -0.21159 -0.0331596 0.0431309 0.0225451 
0.978854 -1.03891 1.24668 -0.570253 0.783938 -0.0532672 0.711118 -0.0655473 -0.181726 -0.0202889 0.144593 -0.0241357 0.171295 
0.757475 -0.901105 1.75206 -0.258698 0.661592 -0.663832 -0.137775 -0.160662 0.0338572 0.269774 0.253672 0.103715 0.287568 
0.477134 -1.43456 0.896241 -0.956083 0.522904 -0.314649 0.440393 0.268392 0.522225 0.357162 -0.0383046 -0.000195932 0.0035882 
0.375565 -1.15162 1.65769 -0.649519 0.879826 0.126535 0.633189 0.224055 -0.100552 -0.285625 -0.421247 -0.280493 0.20832 
0.329159 -1.29875 1.53457 -0.64569 0.810599 -0.254081 0.384669 0.476517 0.497857 0.64447 0.311453 -0.0544431 0.0452256 
1.19613 -0.39757 1.39607 -0.587264 0.525683 -0.275237 0.372106 -0.507028 -0.331744 0.0818255 0.216799 0.0836575 0.00699897 
0.488777 -1.16991 1.40004 -0.703352 0.523324 0.101686 0.647101 0.0244654 -0.218443 -0.22097 -0.403291 -0.362428 0.408688 
0.84405 -0.886041 1.60538 -0.300244 0.688688 -0.142686 0.672478 -0.119521 0.26312 0.167696 -0.366006 -0.224659 0.445503 
1.05482 -0.587466 1.39024 -0.322561 0.611001 -0.669036 0.114717 -0.161527 0.280669 0.102493 -0.222583 -0.516843 0.25021 
0.91621 -0.825477 1.13665 -1.1533 0.0707311 -0.743014 -0.156377 -0.224302 -0.239925 0.139876 0.143744 -0.157733 -0.115538 
0.741803 -1.1593 0.993876 -0.795139 0.750904 -0.49355 0.243243 -0.0426569 -0.111985 0.0436134 -0.0630202 0.130628 0.302787 
1.08762 -0.488586 1.71543 -0.48214 0.585181 -0.494457 0.173141 -0.0374426 0.583141 -0.0745398 -0.429341 0.0409939 0.570224 
1.09924 -1.19089 0.936238 -1.22333 0.224235 -0.583842 0.146576 -0.479311 0.0647686 0.537555 0.0770784 -0.308972 0.2191 
0.803652 -1.21826 1.65352 -0.485379 0.925926 -0.222528 0.297894 -0.197716 0.0907071 0.0244249 -0.00514097 0.00933814 0.143589 
0.676139 -0.941971 1.31269 -0.725875 0.701478 -0.0116328 0.598337 -0.0455493 0.0238824 0.215034 -0.259661 -0.583489 -0.00148082 
0.669641 -1.24151 0.972959 -0.738414 0.729832 -0.0250607 0.365173 -0.00286064 0.134713 4.11034e-005 0.176041 0.0221212 0.370017 
0.834167 -1.39835 1.52728 0.0366314 1.04455 -0.047937 0.0692389 -0.11978 -0.192809 -0.0203784 -0.188224 0.11186 0.381949 
1.01525 -1.34274 1.02075 -0.473781 0.496947 -0.553192 -0.040808 -0.232122 -0.213139 0.243158 0.166017 0.448253 0.620179 
0.920625 -0.941929 1.58153 -0.46134 0.499231 -0.227425 0.499295 0.000867701 0.128745 -0.12589 -0.127283 -0.0622692 0.459325 
0.930067 -1.36279 0.787773 -1.20607 0.349176 -0.00315251 0.311037 -0.220934 0.130764 0.15838 -0.218921 -0.0821158 0.363894 
0.360665 -0.81401 1.69492 -1.03325 0.615156 -0.187898 0.427594 0.141865 0.2372 0.271497 -0.11294 -0.160717 0.038543 
0.818911 -0.947074 1.1139 -0.67281 0.616652 -0.358707 0.530035 -0.14385 -0.107879 0.425714 0.370531 0.167429 -0.00916538 
0.62577 -1.32842 1.34548 -0.869159 0.697539 -0.242624 0.482186 -0.0834129 0.00104151 -0.130184 -0.23842 -0.253356 0.0751288 
0.613917 -0.463623 1.81202 -0.380668 0.359537 -0.426457 0.616597 0.131331 0.0233626 -0.090494 -0.215457 -0.445824 0.0979338 
0.564464 -1.02857 1.36853 -0.58563 0.496611 -0.141711 0.688555 -0.044443 0.366938 0.296029 0.318051 0.0424637 0.14573 
0.890465 -1.22886 1.18856 -0.773635 0.502381 -0.479644 0.166489 -0.0397216 0.029424 -0.0737437 -0.188455 -0.254298 0.0628416 
1.16609 -0.902765 1.26623 -0.468581 0.453395 -0.449235 0.262159 -0.19625 0.255583 0.48722 0.450581 0.0654331 -0.0802821 
0.935717 -1.11494 1.48549 -0.58875 0.565475 -0.113707 0.151073 0.0231036 0.544244 0.20671 -0.339882 -0.556897 0.166881 
1.14063 -0.885439 1.07565 -0.647593 0.985093 -0.438144 0.017494 0.0401596 -0.067726 0.029688 -0.045449 0.268919 0.618472 
1.10755 -1.15542 1.12946 -0.836976 0.436841 -0.551995 0.131803 -0.0760351 0.611308 0.36043 0.0484036 0.19385 0.0672414 
0.616375 -1.58967 0.769484 -0.960317 0.251539 -0.555271 -0.0666367 -0.270787 0.221854 0.0650601 0.0215366 -0.267649 -0.0666902 
0.670507 -1.11639 1.14686 -1.35214 0.198346 -0.619039 0.406116 0.0596442 0.314835 0.166049 0.0455328 -0.197829 0.0958266 
0.999649 -0.990262 0.804093 -0.951661 0.757686 -0.259844 -0.00473194 -0.294593 0.532241 0.522906 0.283306 -0.441876 -0.266805 
0.910438 -0.869061 1.47762 -0.635264 0.444259 -0.34906 0.676471 0.253429 0.371614 0.556309 0.00939088 -0.236437 -0.0962524 
0.430052 -0.779214 1.2891 -0.960683 0.549995 -0.0933475 0.0509641 -0.273129 -0.344638 -0.145459 -0.0496586 0.183153 0.173332 
1.06228 -1.08809 1.60115 -0.502554 0.702876 -0.132506 0.158518 -0.24942 -0.245884 0.00410843 -0.00941014 0.147653 0.763947 
1.11018 -1.22787 1.29147 -0.379366 0.824037 -0.440667 0.22825 0.0571843 -0.327055 -0.375352 -0.0110255 0.0751571 0.283966 
0.851551 -1.23758 0.835772 -1.09821 0.44875 0.00141797 0.455169 -0.00514627 -0.101221 -0.184073 -0.109719 0.121197 0.0302619 
0.315809 -1.38732 1.09426 -0.302475 0.713924 -0.374833 0.0916276 0.257871 0.748726 0.0940119 0.143777 -0.138298 0.0779014 
0.769975 -1.4119 0.978542 -0.660607 0.870232 -0.677547 -0.200403 -0.597699 -0.00207243 0.197838 -0.218089 -0.177089 0.202987 
1.43228 -0.754757 0.915893 -1.5066 -0.132048 -0.507043 0.404372 -0.106785 0.236979 0.284725 0.00231447 -0.213809 -0.418587 
1.49357 -0.902433 1.35645 -1.05396 0.0804118 -0.454695 0.171303 0.128909 0.653488 0.478882 0.471427 0.0134189 -0.333002 
0.495271 -0.928964 1.30308 -0.527165 0.87698 0.138801 0.457411 -0.168156 -0.358396 -0.0950572 -0.343964 -0.397359 -0.0311415 
1.13593 -0.905191 1.4131 -0.488371 0.49139 -0.532542 0.409331 0.186278 0.136827 0.0782464 0.0302352 -0.402858 0.0889659 
0.908808 -0.775023 1.50033 -0.49775 0.186443 -0.689609 -0.128203 -0.434885 -0.0673956 0.200386 0.325677 0.14382 0.0816182 
0.40462 -1.56106 0.887869 -0.168056 1.4751 0.00417967 0.712765 0.103894 -0.155351 -0.277528 -0.262412 -0.125501 0.152175 
0.842567 -0.845159 1.78383 -0.379142 0.478669 -0.292671 0.139859 -0.129369 0.336049 0.144282 -0.161068 0.24588 -0.0497675 
0.913895 -0.672395 1.28885 -0.847307 0.423848 -0.153862 0.803801 0.258418 -0.00976481 -0.199432 -0.0728647 0.0282748 0.287306 
0.747647 -0.966138 1.16085 -0.926083 0.333838 0.024068 0.424261 -0.175332 0.0200908 0.264766 0.00261879 -0.619695 -0.272371 
0.522186 -0.889665 1.3418 -0.367475 0.849354 0.0106966 0.630536 -0.196032 0.15226 0.471913 -0.176268 -0.00431499 0.30899 
0.723388 -1.00225 1.59957 -0.623551 0.629465 -0.008988 0.177042 0.0772359 0.145753 -0.161231 0.185585 0.134182 0.0676664 
0.50246 -1.10828 1.18251 -0.45937 0.546023 -0.125514 0.27286 -0.374553 -0.177562 0.263717 -0.0529478 -0.0106677 -0.113567 
0.956138 -0.985381 1.29631 -0.594495 0.456294 -0.689427 0.358123 -0.0828556 0.370831 0.2444 -0.0866584 0.280806 0.498842 
0.77623 -1.08649 1.57396 -0.514808 0.513609 -0.215667 0.337105 0.0916875 -0.016939 0.136291 0.0108323 -0.236018 0.49665 
0.780154 -1.25382 1.15055 -0.863709 0.263908 -0.986474 -0.291168 -0.373489 -0.000776577 0.366294 0.355945 0.00152297 0.182995 
0.904539 -1.29736 1.22223 -0.46045 0.854246 0.00673037 -0.250116 -0.271068 -0.0415217 -0.034402 0.234468 -0.229195 0.0997858 
0.545561 -1.3056 1.44919 -0.614599 0.544065 -0.249171 0.0891496 -0.166942 -0.169318 0.149686 0.00125346 -0.0307614 0.541528 
1.21436 -1.19288 1.20612 -0.501986 0.795212 0.319201 0.729438 -0.328488 0.0518662 -0.087605 -0.240451 -0.290776 0.337565 
0.40681 -1.27444 1.19578 -0.538724 0.545831 -0.879678 -0.0657104 -0.390988 -0.128554 0.198998 0.0211803 0.00843968 0.150601 
0.589738 -1.37267 0.697918 -1.19464 0.463815 -0.238181 0.269819 -0.217503 0.0458555 0.010347 -0.148666 -0.27462 -0.2787 
0.648763 -1.33909 0.842435 -0.606045 0.79086 -0.0183336 0.299009 -0.132711 -0.117165 0.226963 0.336973 -0.218411 0.561526 
0.799798 -1.23383 1.30433 -0.806746 0.554813 -0.111265 0.486834 -0.271555 -0.213992 -0.0242451 -0.110317 0.241344 0.239634 
0.919646 -1.02326 1.43026 -0.297957 0.908181 -0.563187 0.230749 -0.196265 0.111163 -0.271545 -0.36089 -0.26251 0.408399 
0.747289 -0.87181 1.2898 -0.67287 0.624011 -0.132482 0.169405 0.0414705 0.0982274 0.491546 0.129042 -0.431848 0.0546766 
0.566197 -0.901504 1.40861 -0.599059 0.353417 -0.305403 0.186979 -0.336869 -0.343058 -0.457186 -0.317467 -0.398851 -0.137083 
0.852275 -0.642912 1.24178 -1.02521 0.791521 -0.42127 0.159513 -0.223647 -0.0643922 0.278498 0.00201654 0.0651278 0.150458 
1.18018 -0.907457 1.23587 -1.19411 0.477782 -0.0517757 0.491298 -0.0333179 0.0723707 0.241701 0.0964008 0.163053 0.272874 
0.767312 -1.25236 1.09765 -0.579359 0.91642 0.049776 0.223434 -0.554618 -0.25822 0.355665 0.0751864 0.257399 0.392298 
1.01782 -0.251576 1.84808 -0.660224 0.220035 -0.486011 -0.145951 -0.472692 -0.196745 -0.229823 -0.608007 -0.313837 -0.361835 
1.50933 -0.728269 1.2906 -0.706797 0.715568 -0.336068 0.525999 -0.388938 -0.0446903 -0.157818 -0.040871 -0.19625 0.135789 
1.3675 -1.1384 1.22846 -0.497344 0.953264 -0.0722538 0.551087 -0.280907 -0.457569 -0.222569 -0.61108 -0.807455 -0.0969522 
1.32567 -0.765514 1.40333 -0.312087 1.01494 -0.173356 0.443205 0.00908947 0.193937 -0.438043 -0.263597 -0.252682 0.0643856 
1.19557 -0.118351 1.50487 -0.51447 0.471789 -0.755782 0.0869255 -0.0321561 -0.117772 -0.19788 -0.554183 -0.354504 -0.0177276 
1.6382 -0.996452 1.21518 -0.189541 1.07395 0.260902 0.516426 -0.436941 -0.431722 -0.451758 -0.28059 -0.42932 0.0128236 
1.75127 -0.422105 1.7038 -0.519127 0.79301 -0.389468 0.231555 -0.209434 0.171087 -0.262282 -0.518782 -0.5343 -0.0200231 
0.682918 -0.904941 1.54585 -0.585506 0.362507 -0.332602 0.327022 0.0189165 0.0670981 0.011561 -0.0649278 -0.363653 -0.128252 
0.975139 -0.783867 1.4134 -0.309072 0.571855 -0.563658 -0.192314 -0.78924 -0.257103 0.318982 -0.332611 -0.354304 -0.11425 
1.06853 -1.06483 1.2652 -0.330485 0.785271 -0.301826 0.169843 -0.654187 -0.32853 0.0159696 0.315026 -0.0368728 -0.0427178 
1.00555 -1.18963 1.52096 -0.575188 0.532633 -0.619717 -0.096784 -0.200612 0.149545 -0.0494511 -0.196607 -0.464862 0.0357433 
0.784916 -1.13634 1.25699 -0.827948 0.949633 0.062713 0.568987 0.0879359 -0.318479 -0.259211 -0.355195 -0.0640218 -0.0176766 
1.15402 -0.967365 0.911122 -0.76075 0.754746 -0.165621 -0.0384097 -0.402467 -0.0497972 0.111135 -0.22556 -0.24635 0.368333 
0.573177 -0.512443 1.56873 -1.13121 0.189243 -0.371501 0.344754 -0.137249 0.0687682 0.143481 -0.171342 -0.0479021 0.238608 
0.609339 -1.12797 1.63658 -0.0881728 1.1156 -0.113167 -0.201589 -0.673357 0.114861 0.13887 -0.02193 -0.3282 -0.232054 
1.19789 -1.01608 1.02738 -0.939167 0.509028 -0.0961017 0.602675 0.140619 -0.00422325 0.262389 0.164479 -0.196122 0.284141 
0.743781 -0.804139 1.69508 -0.519726 0.538167 -0.997302 0.0110178 0.112232 0.0707329 -0.168736 -0.344594 -0.158514 0.23376 
0.778064 -0.759122 1.21536 -0.817624 0.643671 -0.178107 0.257006 -0.568284 -0.101496 0.522902 0.113067 0.162521 0.529575 
0.307768 -1.01579 1.65128 -0.127893 0.574977 -0.402261 0.205607 -0.0856189 0.168804 -0.0186774 0.0218066 0.325317 0.0258382 
0.572149 -1.65008 1.23895 -1.17848 0.118258 -0.712552 -0.128182 -0.440133 -0.283289 -0.269896 -0.272777 -0.154751 0.264121 
0.574661 -0.944675 1.53424 -0.607855 0.481207 -0.45003 0.215017 -0.327869 0.0970829 0.3005 0.0557732 -0.139662 0.386145 
1.17085 -0.638498 1.51768 -0.787528 0.0906404 -0.728727 0.221561 -0.00470133 0.300733 0.0062912 -0.00944347 0.247663 0.112693 
0.888589 -0.973213 1.2805 -0.115982 0.55498 -0.391393 0.401076 -0.0136921 0.44709 0.24936 0.0561139 -0.249892 -0.14234 
0.679854 -0.781361 1.66459 -0.232245 0.118109 -0.977517 -0.0456002 -0.166842 0.250209 0.329072 -0.176076 -4.12941e-005 -0.0106118 
0.548308 -1.01298 1.304 -0.5646 0.673904 -0.404527 0.4014 0.180677 0.383968 0.466376 0.0298491 0.197324 0.306915 
0.448864 -0.976402 1.15329 -0.88199 0.490055 0.0109574 0.353703 -0.000319862 -0.0591666 -0.154152 -0.263289 -0.211734 0.394951 
1.40527 -0.688956 1.58049 -0.743155 0.304159 -0.508083 0.769241 0.0370784 0.204312 0.278696 -0.113511 -0.0735023 0.121711 
1.34868 -0.911662 1.29617 -0.449021 0.886821 -0.281774 0.447448 -0.222645 0.0831794 0.165344 -0.184789 -0.0126575 0.273953 
0.94667 -0.71406 1.81038 -0.583692 0.432622 -0.281328 -0.194049 -0.174085 0.156997 -0.0442646 0.102109 -0.176615 0.122086 
0.662451 -0.957656 1.37174 -0.63238 0.428274 -0.521415 0.135707 0.115003 0.193989 0.608177 0.0289165 0.0292537 0.591954 
0.934666 -0.674892 1.77937 -0.494507 0.41223 -0.420279 0.344309 -0.0490767 -0.115639 0.524889 0.201551 -0.0240972 0.108832 
0.519673 -1.22554 1.61015 -0.550078 0.689397 -0.494585 0.356724 0.289205 0.374089 0.272849 -0.0317218 0.361381 0.0548782 
0.286204 -1.39853 1.43345 -0.667598 0.539872 -0.519204 0.298007 0.181993 0.243326 -0.134153 -0.18378 -0.264177 0.37563 
0.944558 -1.19963 1.33543 -0.417074 0.412017 -0.396138 0.328325 -0.0832634 0.146818 0.270767 0.109455 -0.152596 0.0552517 
0.912617 -1.12768 1.34833 -0.819414 0.350187 -0.414918 0.121314 -0.236179 0.0140938 0.156988 0.229798 -0.337129 -0.00633326 
0.554717 -1.0022 1.3515 -1.09412 0.249671 -0.030039 0.254102 -0.224407 0.20387 0.0186619 -0.719568 -0.348617 0.654088 
0.0838652 -1.11541 1.80801 -0.108399 1.42227 -0.142456 -0.148348 -0.345151 -0.115608 0.0486817 -0.209032 -0.0472831 0.496367 
0.704255 -0.603291 1.76599 -0.242445 1.02154 -0.431207 -0.119954 -0.250873 0.0145802 0.182062 0.0773633 0.344746 0.304536 
0.696554 -0.982003 1.30086 -0.340036 0.641612 -0.429025 0.280914 -0.408643 -0.317376 0.17153 0.222325 0.229413 0.259142 
0.874221 -0.968247 1.77457 -0.305276 0.456105 -0.261047 0.506921 0.049372 0.236935 0.24866 -0.0572611 -0.324987 0.0454815 
1.18329 -0.91031 1.4322 -0.704666 0.737617 -0.309405 0.118777 -0.531738 -0.0721901 0.197232 -0.0477526 0.0679231 0.0740472 
1.27753 -0.808632 1.47496 -0.828451 0.623148 -0.268506 0.681671 0.150204 0.512359 0.181691 -0.349607 -0.0383519 0.103022 
0.849925 -0.704216 1.50552 -0.924796 0.405394 -0.213438 0.313797 -0.295142 0.171916 0.358465 0.207498 -0.0453075 0.382881 
0.70693 -0.786609 1.46936 -0.963969 0.423976 -0.209219 0.144476 0.102038 0.0668716 0.455663 -0.181753 -0.0357722 0.396625 
0.558785 -0.812114 1.59649 -0.843472 0.678021 -0.0566453 0.0662746 -0.592693 -0.2971 0.163643 0.219294 0.17765 0.46204 
0.734896 -0.720993 1.47077 -0.752852 0.155848 -0.824561 0.0805005 -0.001229 0.121885 -0.0133795 -0.373051 -0.408047 0.0194616 
0.567679 -0.996467 1.4975 -0.693578 0.77821 -0.167128 0.443496 -0.130365 -0.149003 0.0806703 0.053291 0.0486083 0.311891 
0.817598 -0.74716 1.27941 -0.805479 0.701736 0.010103 0.109579 -0.571272 -0.0133265 0.217328 0.00940766 0.0240246 -0.014951 
1.00367 -0.77304 1.63318 -0.439342 0.542047 -0.677226 0.300904 -0.135482 0.374316 0.505471 -0.128237 -0.398131 0.216782 
0.890678 -0.694802 1.30615 -0.183591 1.12301 -0.197471 0.189946 -0.176261 0.106815 0.335629 -0.0593846 0.187613 0.315845 
1.09827 -1.05198 0.838236 -0.595322 0.581229 -0.525961 0.234696 -0.154616 0.131394 0.115252 0.0334433 0.0514896 0.107166 
0.667984 -1.20931 0.925345 -0.798002 0.680045 -0.18033 -0.122302 -0.783839 0.0130348 -0.151442 0.0797837 0.150145 0.390668 
1.09456 -1.18759 0.821749 -1.03773 0.216943 -0.349592 0.098695 -0.328047 -0.311127 -0.0313395 0.0456316 -0.183762 0.0442389 
1.39472 -1.03455 1.16017 -0.993675 0.503175 -0.281109 0.629773 0.183858 0.0300142 -0.0379959 0.0733237 0.00452971 0.185181 
0.891849 -0.779485 1.33025 -0.749386 0.628544 -0.404632 -0.10518 0.100757 0.219598 -0.0464028 0.246191 0.099438 0.0622064 
0.436785 -1.01239 1.11714 -0.514633 0.980885 -0.446309 -0.105179 -0.385231 0.00771885 -0.0582445 -0.211119 -0.0926912 -0.150958 
0.860056 -1.10842 1.47886 -0.408641 0.272125 -0.169106 0.579483 0.197674 0.454578 0.316994 0.509672 0.233874 0.261128 
0.837656 -1.07207 1.28613 -0.649595 0.470001 -0.207237 0.727621 0.322224 0.161704 0.0852035 0.280013 -0.0514304 0.220734 
1.15787 -1.06823 0.631744 -0.992856 0.571438 -0.228869 0.502775 -0.0290361 0.326631 0.246257 -0.443801 0.00325446 0.626604 
0.496337 -0.913517 1.44897 -0.632828 0.666145 -0.0541975 0.448467 0.0738663 -0.157374 -0.0172751 -0.258636 -0.338028 0.220777 
1.08842 -1.47157 1.27844 -0.373799 0.69047 -0.48104 0.109442 -0.0401288 0.122968 -0.0912636 -0.315029 0.0673918 0.105198 
0.243616 -1.58193 1.08363 -0.786586 0.529399 -0.588305 0.0981133 -0.274936 0.00642242 -0.164937 -0.194723 -0.0523053 -0.139481 
0.834704 -1.31772 1.40685 -0.117444 0.55545 -0.388983 0.130324 -0.67323 -0.0472512 0.0922369 -0.0730973 0.226597 0.300476 
0.463895 -1.60154 1.26232 -1.05419 0.421685 -0.105091 0.313324 -0.132088 -0.168003 -0.38454 -0.323645 -0.134404 0.171786 
1.02305 -1.14131 1.40399 -0.649601 0.588287 -0.394374 0.375998 -0.0897154 0.068352 0.310288 -0.0657205 0.216702 0.26242 
0.672389 -1.36129 1.15639 -0.301112 0.752747 -0.186242 -0.0870926 -0.290097 0.172016 -0.187216 -0.0406418 0.0866715 0.188399 
0.891112 -0.436202 1.75513 -0.50237 0.17145 -0.272571 0.280172 -0.168996 0.0572022 0.273239 0.404093 -0.0586822 0.264416 
0.468096 -1.13056 1.50085 -0.5126 0.693272 -0.434733 0.181462 -0.26538 -0.08255 0.0170995 -0.184796 0.0277649 0.0759159 
1.06153 -0.58606 1.39377 -0.444633 0.724611 -0.842021 -0.101918 -0.332307 0.311315 0.474653 0.0549223 -0.18505 -0.114179 
1.20907 -0.828363 1.38034 -0.834062 0.568332 -0.396912 0.30593 -0.385425 -0.297973 -0.33615 -0.181547 -0.0745229 0.496894 
1.31857 -0.943261 1.29468 -0.84709 0.504325 -0.15327 0.0146697 -0.427792 -0.0235337 -0.249597 -0.251152 0.106333 0.596844 
0.833295 -1.27081 1.52554 -0.708201 0.350643 -0.39018 0.46877 -0.0556221 0.239253 0.0245618 0.0307512 -0.0836746 0.155155 
0.777372 -1.15026 1.17834 -0.309442 0.935467 -0.146645 0.380583 0.207175 0.170947 -0.232471 0.0673968 -0.0290696 0.104509 
0.663257 -1.20335 1.10175 -0.468792 1.00251 -0.0719241 0.256086 0.0741554 0.350555 0.241721 0.102763 0.115806 0.523221 
0.337973 -1.32122 1.06318 -0.61788 0.879666 -0.502069 0.161488 -0.181514 0.0396095 0.366259 0.283823 0.165887 0.143901 
0.968556 -1.22026 1.10544 -0.789347 1.10488 0.31637 0.603997 -0.00416384 0.0367496 -0.353785 -0.316849 -0.303821 0.169996 
1.10355 -0.711784 1.23719 -0.482784 0.90769 -0.144048 0.216417 -0.24287 -0.0533636 0.0975615 0.0415996 0.0836448 0.38733 
0.81615 -0.938406 0.969808 -0.67045 0.588345 -0.41456 0.0866891 -0.296521 0.251501 0.274853 0.133372 0.43037 0.586305 
0.865819 -0.782568 1.40219 -0.179965 0.671956 -0.276975 -0.0895792 -0.544602 0.200979 0.26525 -0.105105 0.0942614 0.507466 
0.795318 -1.32944 0.860343 -0.909647 0.413886 -0.338207 0.24188 0.199229 0.0876685 -0.212467 -0.0314853 0.1491 -0.0649598 
0.821435 -0.961222 1.10665 -0.851622 0.268909 -0.167895 0.674725 -0.0577061 -0.0112921 -0.0874569 -0.249611 -0.109139 0.247424 
0.971736 -1.17976 1.36985 -0.413957 1.07211 0.410607 0.204405 -0.344313 -0.0964935 -0.196685 -0.229237 0.0797883 0.271503 
0.654934 -1.03452 1.35895 -0.840654 0.62219 -0.481516 0.375068 -0.0939432 -0.279964 -0.289678 -0.276339 -0.0155252 0.34748 
1.18965 -1.04605 1.11985 -1.1344 0.239506 -0.538774 0.430819 -0.102712 0.124028 -0.00289149 -0.130288 -0.00326738 0.40207 
0.88916 -1.13193 0.927526 -1.20254 0.321985 -0.537896 0.113846 -0.235784 -0.501142 -0.240134 -0.045249 0.297308 0.717698 
1.28797 -0.549277 1.19446 -1.18667 0.266461 -0.156108 0.592725 -0.275357 -0.240734 -0.0461489 -0.307193 0.101818 0.648395 
1.10477 -1.10785 0.859386 -0.832397 0.573988 -0.313048 0.386545 -0.0991757 -0.23745 0.198319 0.523577 0.393746 0.403806 
0.638281 -1.21747 1.28653 -1.01826 0.336673 0.136504 0.516926 0.133806 0.329319 0.335439 0.280221 -0.223321 0.313735 
0.638074 -0.781366 1.26384 -0.765018 0.787483 -0.509783 -0.0469331 -0.336678 -0.0538784 -0.224975 -0.110967 0.0550118 0.530405 
0.958233 -1.03424 1.24872 -0.438788 0.789631 0.102798 0.36045 -0.0502914 0.205026 -0.00235963 -0.252959 0.00992408 0.548506 
0.780906 -1.31815 1.02586 -0.441182 0.969499 -0.259779 0.332528 0.0635192 0.00997195 0.0621967 -0.195712 0.161028 0.307903 
0.561606 -0.94176 1.16752 -0.859254 0.82379 -0.241961 0.155552 -0.291469 0.278327 0.52024 -0.122409 -0.223388 0.0776737 
0.951228 -0.745192 1.61189 -0.604292 0.52632 -0.275 0.372702 -0.13083 0.276778 -0.323655 -0.240672 -0.0906879 -0.0578944 
0.607557 -1.1058 1.35036 -0.41783 0.845204 -0.344411 0.041612 -0.0908856 0.0199526 0.010052 -0.00628324 -0.0316426 -0.0233992 
0.3973 -1.10964 1.63531 -0.240757 0.425393 -0.46922 -0.00449266 -0.223093 0.240926 -0.406892 -0.219972 -0.219047 0.128728 
0.934951 -1.01889 1.09752 -0.333914 0.821123 -0.420804 -0.12542 -0.449032 0.257743 0.397918 -0.0574374 -0.339089 0.124514 
0.982917 -0.945103 1.1923 -0.615707 0.604602 -0.523728 0.288062 -0.404767 -0.126924 0.101766 0.399832 0.15912 0.214984 
0.493055 -1.11623 1.22256 -0.60289 0.586482 -0.795373 0.106251 -0.138295 0.00841389 0.27188 0.0211004 0.0716103 0.253429 
0.726493 -1.31778 1.17934 -1.05489 0.650015 -0.0508812 0.74976 -0.2361 0.0526637 0.326917 0.120471 -0.159146 0.171654 
1.04983 -0.761299 1.67019 -0.299123 0.473541 -0.226406 0.242067 0.128715 0.309376 -0.170057 -0.160065 -0.388514 0.217024 
0.669565 -0.642625 2.02223 -0.574007 0.347213 -0.908312 -0.535049 -0.41742 0.0711659 0.677539 0.339853 -0.0479068 0.0667323 
1.38843 -0.880367 1.19054 -0.903568 -0.144678 -0.741699 -0.0928757 0.0904929 0.447325 0.193611 -0.276496 -0.243715 -0.0807784 
1.22433 -0.811691 1.43986 -0.705519 0.729259 -0.483463 0.249446 -0.0374757 0.168192 0.368188 0.0835569 -0.0400754 -0.369589 
1.10944 -0.806022 1.2757 -0.750398 0.707744 -0.419347 0.323237 -0.223498 0.440317 0.196276 -0.135343 -0.0857727 0.104458 
0.874467 -1.32097 0.869879 -0.941162 0.81535 -0.433061 0.317304 -0.0145833 0.0100101 0.195679 0.38606 -0.286458 0.166802 
0.58084 -1.40067 0.874925 -1.0289 0.343111 -0.296697 -0.132174 -0.631218 0.182391 0.423454 0.0774462 -0.196881 0.109393 
0.631561 -1.27122 1.16042 -0.781884 0.906156 -0.18259 0.421083 -0.241201 -0.0920486 -0.180082 -0.198552 -0.0592579 0.170082 
0.69458 -0.928702 1.51949 -0.730489 0.596146 -0.59269 0.530435 -0.0121369 0.327683 0.456772 -0.00511169 -0.205631 -0.0134801 
0.819937 -0.97632 1.16633 -0.732654 0.686686 -0.340355 0.303165 0.112931 0.327221 0.336912 0.102047 0.127223 0.450959 
1.1356 -0.690711 1.18204 -0.962708 0.728404 0.014688 0.417866 0.108405 0.0841618 0.178709 0.484151 0.0986121 0.266288 
0.795544 -0.88528 1.33622 -0.534492 0.984663 -0.146756 0.0601229 -0.552095 0.235857 0.381674 0.494819 0.0774131 -0.32491 
1.00462 -0.685544 1.49278 -0.55008 0.664018 -0.353447 0.378544 0.101221 0.0999459 -0.13367 -0.428663 -0.152118 0.358765 
0.913136 -1.16014 1.35802 -0.282163 0.359768 -0.0682784 0.350725 -0.296355 0.337611 0.0959704 0.0659586 0.072558 0.166335 
0.842524 -1.08531 1.18845 -0.635916 0.340031 -0.471344 0.282599 -0.087775 -0.118022 0.348269 0.28204 -0.279145 0.0878519 
1.01696 -1.00545 1.1386 -0.693617 0.529431 -0.715229 0.0137306 -0.00837469 0.50636 0.274468 0.053071 -0.144177 -0.224564 
0.560737 -1.04267 1.68919 -0.0565676 0.797309 -0.256013 0.107924 -0.100383 0.0652918 -0.113614 -0.0231427 -0.255123 0.281176 
0.980189 -0.979472 1.56692 -0.64106 0.194504 -0.0620301 0.364556 0.0473933 0.284056 0.25089 0.0632769 -0.0947504 -0.0618464 
1.08718 -1.4362 0.925095 -0.726436 0.351244 -0.245533 0.478282 -0.234866 0.151362 0.191463 -0.136075 0.115229 0.546385 
0.631435 -1.42444 1.30883 -0.803646 0.544258 -0.234239 0.267217 -0.686098 -0.490404 -0.050825 -0.353055 -0.208557 -0.09854 
1.28849 -1.41948 1.24606 -0.480215 0.808674 -0.0256061 0.31496 -0.0110712 0.0370275 -0.189957 0.0953805 -0.42275 -0.059843 
0.663717 -0.603942 1.52384 -1.00049 0.459679 -0.416032 0.165189 -0.248341 0.00843601 0.0170383 -0.131161 -0.130132 0.133581 
1.1026 -0.713564 1.57441 -0.423382 0.544237 -0.339228 0.105911 0.0289034 0.295973 0.291691 -0.229468 -0.135186 0.136146 
1.05175 -0.435394 1.67764 -0.370951 0.808817 -0.42073 0.656796 0.453729 0.0292596 -0.195133 -0.325421 0.0475274 0.372458 
0.666682 -0.828704 1.64906 -0.24389 0.381578 -0.723685 -0.162705 -0.265801 0.0784018 0.0361887 -0.142434 0.156283 0.661986 
1.21845 -0.651998 1.49835 -0.723382 0.349163 -0.321682 0.284467 -0.345834 0.451697 0.109301 -0.0177902 0.0575932 0.374363 
1.10731 -0.840241 1.02099 -0.806216 0.779897 -0.281005 0.415903 -0.521088 -0.218607 0.0203374 0.261791 -0.0166505 0.442325 
0.810239 -1.3339 1.23706 -0.838611 0.281123 -0.713519 -0.113811 -0.341812 0.106538 0.0541715 -0.123118 -0.396421 0.050516 
0.675352 -0.95771 1.12304 -0.634025 0.856967 -0.251136 -0.0194581 -0.50612 -0.348075 0.490027 0.352213 0.00351195 0.130764 
0.497142 -1.40221 1.10748 -0.72217 0.425687 -0.329943 0.321417 0.0973637 0.459452 0.542886 0.510911 0.413027 0.208311 
0.493349 -1.51933 1.41034 -0.620474 1.08393 -0.0445216 0.224811 -0.187137 0.26915 0.6687 -0.00654173 0.0039535 0.293827 
0.730863 -1.377 1.56967 -0.550552 0.283433 -0.211302 0.674802 0.13907 0.116777 -0.0661059 -0.137897 -0.366758 0.0442736 
0.478856 -0.832399 1.55749 -0.629822 0.0909417 -0.61681 -0.108688 -0.482536 0.154415 0.0661664 -0.233516 -0.0991069 -0.260165 
0.471479 -1.39254 0.876533 -0.851034 0.492604 -0.601139 0.0348441 0.153742 0.0709321 -0.0946241 0.0414239 -0.46283 -0.0493471 
0.699283 -0.823597 1.53936 -0.424554 0.473323 -0.439124 0.509854 -0.0164491 -0.0467603 -0.0208046 -0.338205 -0.0754384 0.503643 
0.57408 -1.17639 1.32501 -0.58828 0.853964 -0.0814164 0.0328775 0.0150266 0.123131 0.404715 0.371924 0.154038 0.22141 
0.503211 -0.976344 1.37901 -0.668877 0.712193 0.0596555 0.302627 -0.0260737 -0.0687576 0.437845 0.285847 -0.109553 0.217811 
1.21276 -0.876011 1.41368 -0.83933 0.0442027 -1.08965 0.438959 0.255913 0.668025 0.154299 -0.361694 -0.173206 0.285047 
1.53576 -0.998586 0.949699 -1.1507 0.872409 -0.135456 0.620577 0.292578 -0.0695627 -0.0320017 -0.0988664 -0.0414932 0.422351 
1.10745 -1.18873 0.38683 -1.46431 0.143282 -0.373104 0.651534 0.0123144 -0.108239 -0.000713205 -0.0423698 -0.421042 0.129433 
1.12771 -0.959206 1.20475 -0.980984 0.220952 -0.0686399 0.463693 -0.0963146 -0.210966 -0.231949 -0.420996 -0.378931 0.444546 
0.631549 -0.970548 1.64398 -0.371487 0.617482 -0.764987 -0.101097 0.238012 0.486282 0.590648 0.234993 0.229743 0.177318 
0.426213 -1.17915 1.45185 -0.387483 0.654022 -0.435103 -0.0309094 -0.816205 -0.623842 -0.308031 -0.484116 0.168341 0.301679 
0.650102 -1.34154 1.30257 -0.355091 0.462681 -0.526422 0.251027 0.08575 0.053323 -0.266115 0.158302 -0.0637363 -0.218628 
0.553873 -0.477168 1.84206 -0.602775 0.406671 -0.706429 0.170892 0.322994 0.490698 -0.237351 -0.712306 -0.553205 0.0966951 
0.536631 -1.00617 1.3893 -0.893267 0.417961 -0.657206 0.595938 -0.189823 0.208861 -0.105107 -0.378251 0.232281 0.160531 
0.970483 -1.56232 0.665392 -1.23897 0.441306 -0.0421981 0.100027 -0.291429 0.392175 0.363686 -0.0633804 0.0365638 0.44151 
1.10499 -1.31526 1.01973 -0.693548 0.991327 -0.382573 0.23258 -0.389698 0.110445 0.280926 -0.0577066 -0.306474 -0.0654707 
0.876652 -1.02621 1.37182 -0.336377 0.917072 -0.580752 0.0356321 -0.464045 -0.16708 0.0893944 -0.113949 0.0720863 0.283499 
0.685388 -0.943571 1.43668 -0.327055 0.769476 -0.429896 0.342394 0.110014 0.247186 -0.20977 -0.403152 -0.269662 0.321857 
0.66097 -1.79931 0.802971 -0.908448 0.275203 -0.240486 0.428693 -0.098139 -0.156777 -0.0200175 -0.0155638 0.0469163 0.535465 
0.715952 -1.30435 1.06299 -1.27676 0.21952 -0.85536 -0.173929 -0.56473 0.149312 -0.0255896 -0.000672245 -0.0928404 -0.212499 
0.330701 -1.05844 1.50878 -0.486276 0.827517 -0.437183 -0.0066505 -0.3736 -0.0442245 0.12304 -0.509804 -0.212651 0.210903 
0.576864 -0.423288 1.53568 -0.352601 0.85321 -0.556055 0.363801 -0.00350285 0.0316411 -0.214764 0.221806 -0.0302746 0.0247115 
0.340875 -1.14419 1.40743 -0.691723 0.276588 -0.740265 0.296223 0.335689 0.187508 0.105861 0.159677 0.15988 0.447007 
1.1667 -0.688436 1.42112 -0.717834 0.26945 -0.249203 0.0769392 -0.0806284 0.506871 0.55127 0.210314 0.181432 0.346588 
1.30902 -0.788924 1.38933 -0.671875 0.323318 -0.48502 0.82668 0.219326 -0.303191 -0.126651 -0.0335812 0.0839239 0.015925 
0.85191 -0.812402 1.84853 -0.308783 0.496324 -0.415551 0.263289 -0.644747 -0.23101 0.124122 -0.137081 0.0994202 0.136707 
0.890148 -1.18075 1.14191 -0.717065 0.839597 -0.00980411 0.486526 -0.500998 -0.210394 0.394119 0.0318838 -0.30172 0.223849 
0.467583 -1.35043 1.10074 -0.405176 0.57262 -0.482698 0.0638129 -0.166986 -0.207933 0.0976617 -0.154061 -0.113672 0.0568269 
0.754673 -1.04215 0.983391 -0.566153 0.679922 -0.422074 0.0400551 0.0679875 -0.172462 -0.52906 -0.114139 0.204865 0.0865479 
0.948376 -1.0507 1.45244 -0.797758 0.587894 -0.37123 0.340601 0.0125186 0.0752533 -0.105482 -0.214912 -0.112264 0.52946 
0.41871 -1.42513 1.00373 -0.843055 0.775339 -0.404403 0.102063 0.306052 0.647488 0.191513 -0.207246 -0.0522116 0.357695 
0.521933 -1.58966 0.87201 -0.853454 0.759213 -0.15785 0.132335 -0.583948 0.305228 0.421697 0.300659 0.23502 0.163831 
0.389389 -1.24962 1.0722 -0.54865 1.15294 -0.202828 0.653075 0.0153533 0.240323 0.451672 0.127524 -0.202982 -0.202483 
0.973311 -0.571661 1.53876 -0.491484 0.367612 -0.765802 0.321338 0.2586 0.202807 0.157974 -0.0836748 0.159029 0.228926 
0.375776 -1.02982 1.50346 -0.503009 0.486549 -0.808423 -0.521131 -0.354504 -0.128674 0.0459386 -0.0851695 -0.452458 -0.395768 
0.019649 -1.23029 1.19952 -0.979809 0.779456 -0.271341 0.541159 0.481023 0.575771 0.275664 0.11016 -0.098396 0.147322 
1.07657 -1.04795 1.27289 -1.30755 0.468717 -0.124681 0.400875 -0.154559 0.140987 0.35584 0.620843 0.163665 0.0847898 
0.191183 -1.60834 1.18066 -0.974201 0.605452 -0.324965 0.406947 -0.119687 0.236354 -0.0543077 -0.0825022 -0.163943 0.432211 
0.628722 -1.57143 1.1388 -0.54734 0.382803 -0.517707 -0.459867 -0.519841 -0.294559 -0.0355874 -0.0655021 -0.0094871 0.156006 
0.588825 -1.26193 1.25657 -0.546595 0.6959 -0.658464 0.399202 -0.0231047 0.234916 0.20672 0.120693 -0.564438 -0.114464 
0.750734 -1.17847 1.50195 -1.15032 0.40892 0.025278 0.511062 -0.0676816 0.325346 0.105914 -0.193855 -0.247845 0.217462 
0.901664 -1.36887 1.21515 -0.790743 0.781567 -0.339057 0.48962 -0.10151 -0.168428 -0.131852 -0.132466 -0.0194399 0.136434 
0.727868 -1.05722 1.83492 -0.295182 0.310893 -1.05554 0.108644 0.0161188 -0.0142006 -0.093318 -0.123593 0.302774 0.288662 
1.02169 -0.904756 1.50304 -0.061209 0.5689 -0.285882 0.379268 -0.44133 -0.19911 0.342742 0.0612086 0.0367245 0.106776 
0.889752 -1.22569 1.24171 -0.174125 1.49354 -0.0613423 0.335538 -0.379762 0.234671 0.229902 -0.212117 -0.496475 0.16304 
0.820104 -1.08181 1.70222 -0.634041 0.250353 -0.743911 0.397745 0.519384 0.450202 0.261302 0.0570758 0.126838 0.279328 
0.186826 -1.50438 1.00408 -0.827536 0.638707 -0.166842 0.423716 -0.0561276 -0.192777 0.0806916 -0.0384074 0.03365 -0.0442857 
0.887328 -1.19861 0.971209 -1.14196 0.54853 0.0423281 0.582451 0.0262661 0.398652 0.233943 0.151401 0.0809384 -0.344057 
0.638159 -1.20268 1.17193 -0.705657 0.570678 -0.557187 0.228856 -0.271502 0.297212 0.65318 -0.0248312 -0.385852 0.017841 
1.31946 -1.0461 1.17908 -0.573247 0.852612 -0.138423 0.1739 -0.0900512 0.263625 -0.0104709 0.492076 0.299136 -0.0204323 
0.947339 -0.660447 1.70056 -0.729639 0.512823 -0.411983 0.178344 0.0608856 -0.174261 0.113052 -0.146851 -0.27239 -0.107928 
1.80542 -0.520605 1.84517 0.0789191 0.897357 -0.206846 0.191548 -0.497179 -0.0939229 0.162977 -0.593019 -0.101552 0.38626 
0.597649 -0.981401 1.52838 -0.399172 0.533716 -0.00572338 0.409294 -0.147861 -0.155592 -0.29966 -0.296458 -0.407201 -0.213209 
0.332895 -0.824589 1.67458 -0.609427 0.525711 -0.342266 0.284523 -0.140905 0.256878 0.215666 -0.175244 -0.254864 0.0386908 
1.29557 -0.703758 1.27703 -0.553163 0.585596 -0.390722 0.398376 -0.203847 -0.0817231 0.203674 0.0111667 0.188255 0.488611 
0.390136 -1.57256 0.839907 -0.60155 0.629082 -0.501627 0.464511 0.175223 0.148358 0.320538 0.239023 -0.0320976 0.0521393 
0.557494 -1.26861 1.31717 -0.323394 0.951396 -0.118323 0.153295 -0.450378 -0.173125 -0.321439 -0.377303 -0.0724442 0.258806 
0.545841 -1.4633 0.906455 -0.95364 0.222144 -0.953948 -0.274651 -0.434911 0.104587 -0.0222988 0.0120302 -0.166706 0.0263015 
0.967877 -0.794738 1.52205 -0.551188 1.04888 -0.313008 0.409908 -0.0710726 0.0486197 0.116941 -0.04024 -0.23775 0.0133484 
0.751266 -0.950189 1.77164 -0.357972 1.00319 -0.24509 -0.0637365 -0.103286 0.300937 0.292362 0.0923808 -0.0975126 0.38398 
0.614807 -1.17292 1.22868 -0.784537 0.60964 -0.468532 -0.132752 -0.419504 -0.304814 0.0872448 0.0807115 -0.158763 -0.164843 
0.77018 -0.892949 1.38498 -0.514814 0.462386 -0.429861 0.24933 -0.160481 0.406485 0.384377 -0.246339 -0.690578 0.128666 
0.664365 -1.47392 0.915951 -0.957114 0.442608 -0.466686 0.409769 0.175862 0.0233774 0.293329 -0.190326 -0.0269595 0.313656 
0.603512 -0.833643 1.98816 -0.859381 0.240454 0.00952501 0.492411 -0.090225 0.153686 -0.291351 -0.224781 0.00908227 0.22229 
0.642902 -1.30218 1.54781 -0.532977 0.235874 -0.395975 0.319356 0.0535682 0.541599 0.598242 -0.124886 -0.554986 -0.1548 
0.857857 -0.630502 1.43052 -0.36038 1.00946 0.0194024 0.101223 -0.121745 0.117135 -0.259213 -0.137167 0.0181602 0.167904 
0.56463 -0.853204 1.571 -0.684579 0.805333 0.0853775 0.511604 -0.540679 -0.292999 -0.000818062 0.312705 -0.16283 -0.0401222 
0.917999 -0.959907 1.18726 -0.748168 0.545674 -0.219348 0.663364 0.145809 0.0360318 0.227679 -0.19723 -0.267764 0.112425 
0.637995 -0.716165 1.61755 -0.578042 0.640658 -0.415041 0.284242 -0.062093 0.0712456 -0.396872 -0.0119512 0.119526 0.359881 
0.849125 -1.06198 1.79427 -0.61999 0.778739 0.0301739 0.167617 -0.353986 -0.0751666 0.224736 -0.238947 -0.0504982 0.291703 
0.710872 -0.974419 1.6572 -0.296531 0.830447 -0.666216 -0.154092 -0.718796 -0.177498 0.0173749 -0.0431511 -0.227837 -0.135829 
0.620247 -1.20911 1.26725 -0.961895 0.512616 -0.419122 0.321153 -0.15242 0.31902 0.385101 0.0947908 -0.218078 0.0883802 
0.441141 -1.27282 0.999705 -1.17779 0.211803 -0.322137 -0.10282 -0.359683 0.299047 0.29751 0.261203 -0.270788 -0.020457 
1.06572 -1.03481 1.39338 -0.411741 0.782502 -0.354945 0.115019 -0.0486604 0.206964 0.142619 0.127051 -0.0710139 0.479377 
0.546164 -1.13945 0.938997 -0.841273 0.295131 -0.410111 0.203892 0.104216 0.0776747 0.10002 0.0629155 0.14688 0.481758 
0.909681 -0.910625 1.23209 -0.547263 0.730385 -0.251185 0.265701 0.322297 0.190849 0.210849 -0.327463 0.140944 0.337507 
0.927654 -1.02632 1.25962 -0.881106 0.446346 0.0364156 0.493759 -0.0719733 0.0237926 0.0537056 0.0385025 0.0778282 0.307173 
0.919757 -1.37678 1.35078 -0.772746 0.725259 -0.0060986 0.517755 0.0723384 0.104922 -0.0367756 0.0153795 -0.301954 0.334531 
1.43669 -1.19313 1.52523 -0.377978 0.549312 -0.513993 0.411167 0.371788 0.0862418 0.00628562 -0.3556 -0.367713 0.0252084 
0.8454 -0.785135 1.36004 -1.1064 -0.009689 -0.534181 0.250521 0.0158732 0.300822 0.39365 0.268859 -0.222378 0.144668 
0.446592 -1.2277 1.04699 -0.349196 1.22974 -0.512619 0.0384335 -0.00055995 0.391741 -0.0629146 -0.198307 0.0442575 0.194687 
0.714489 -1.20909 1.18091 -0.606658 1.06652 -0.261053 0.346447 0.221153 -0.0210961 0.10322 0.316282 -0.0610908 0.34069 
0.620979 -1.27838 0.654752 -0.801715 0.172856 -0.2358 0.295285 -0.0794836 0.0312993 0.209073 0.164863 -0.0416195 0.14505 
1.02023 -0.680898 1.65206 -0.165542 0.886197 -0.538492 0.316294 0.0639385 -0.0703622 -0.505602 -0.089377 -0.0524678 -0.196249 
0.675094 -0.545658 1.63101 -0.852273 0.370824 -0.688491 0.0316285 -0.280143 0.323146 0.310933 -0.00622382 0.191948 -0.181102 
0.800265 -1.16884 1.35089 -0.754475 0.954335 -0.0179982 0.56299 -0.0885616 -0.0171606 -0.0459684 -0.0023746 0.0628765 0.00836549 
0.543655 -1.0484 1.19986 -0.69781 0.806446 -0.337169 -0.0278096 -0.131291 0.455504 0.057059 -0.177346 0.135037 0.257985 
0.65113 -0.912591 1.11375 -0.807121 0.314252 -0.385935 0.061125 -0.0787391 0.387148 0.488393 -0.0517685 -0.155021 0.169254 
0.336186 -0.964317 1.42427 -0.674423 0.546376 0.0191747 0.132889 -0.463293 -0.0407809 0.00811176 0.247254 -0.0662489 0.456782 
0.919637 -0.98522 1.72655 -0.00649171 0.626005 -0.379329 0.113856 -0.367355 -0.225646 -0.267854 -0.166375 -0.0222173 0.142668 
0.60116 -1.31413 1.27139 -0.663916 0.643483 -0.319795 0.10148 -0.145922 -0.107095 -0.116251 -0.0761608 0.0205685 0.212703 
0.956618 -1.3929 1.05715 -0.563197 0.685492 -0.220852 0.0310031 -0.446801 -0.00772305 0.293806 -0.0228814 -0.0271832 0.522663 
0.821136 -1.2012 1.3775 -0.410153 0.68174 -0.392477 0.31282 -0.152272 -0.0721995 -0.143865 -0.543786 -0.526165 -0.116023 
0.960308 -0.887043 1.59118 -0.362479 0.191976 -0.793159 0.176469 -0.154915 0.218432 0.354784 0.209539 -0.172509 0.275735 
1.04159 -0.660933 1.39107 -0.755821 1.05394 -0.457955 0.0725379 -0.00676265 -0.294843 -0.484156 -0.545821 -0.0629591 0.151259 
1.04487 -0.883421 1.22211 -0.985386 0.453847 -0.554534 0.10382 0.0970495 0.164235 0.193403 -0.347421 -0.434672 0.0198837 
0.734956 -0.904915 1.72501 -0.327428 0.585311 -0.600081 0.175132 -0.332452 0.20856 0.286359 0.480823 0.121028 -0.123118 
1.07173 -1.12947 1.24082 -0.71791 0.563838 -0.202334 -0.0685473 -0.350312 0.340861 0.448202 0.306546 0.142665 0.238319 
1.4906 -0.893099 1.46785 -0.581715 0.616383 -0.276142 0.370482 -0.181822 -0.223953 0.234706 0.109681 0.256393 0.112855 
1.09318 -0.951149 1.05911 -0.729266 1.0635 0.04315 0.160161 -0.120579 -0.148036 0.181436 -0.213903 -0.131469 0.239944 
1.37219 -1.0103 1.20156 -0.971398 0.303441 -0.4551 0.14129 -0.0958756 -0.0477541 -0.0876324 -0.432186 0.0376455 0.29215 
1.2685 -1.01964 1.30118 -1.01024 0.582843 0.132451 0.474681 -0.122265 0.145197 0.0944722 0.0190199 -0.0833021 0.328045 
1.46638 -1.35956 0.897241 -0.931971 0.38235 0.154332 0.501907 -0.347129 0.0791765 -0.246835 -0.0498568 0.309439 0.47625 
0.933683 -0.987605 1.35257 -0.466144 0.882215 -0.0253459 0.263845 -0.264025 -0.194574 -0.193109 -0.455427 0.284322 0.191509 
0.591299 -1.0771 1.4578 -0.675763 0.610095 -0.732208 0.146841 -0.196421 -0.0421204 0.0314783 -0.345484 -0.164421 0.18249 
0.601883 -0.944074 1.46004 -0.324105 0.546462 -0.545733 0.095253 0.112243 0.326902 0.183771 0.106137 -0.0525169 0.298129 
1.02956 -0.742383 1.65944 -0.747005 0.611511 -0.400928 -0.0218284 -0.21214 0.0574444 0.0829548 -0.0284363 -0.257052 -0.0092032 
0.61755 -0.735731 1.59333 -0.317474 0.847054 -0.31245 0.431545 0.0437065 0.670672 0.789428 -0.154817 -0.0628723 0.298612 
1.22386 -0.40182 1.67994 -0.695296 0.35857 -0.312488 0.436674 0.0149378 -0.304576 -0.258569 0.0420153 0.184046 0.215513 
0.99281 -1.07624 0.634184 -1.04216 0.233836 -0.400808 0.0322254 -0.586142 0.0921926 0.0656952 -0.153072 -0.175627 -0.103504 
0.73558 -0.918582 2.00474 -0.177336 0.731552 -0.461363 -0.088919 -0.303691 0.235594 0.188809 -0.129957 -0.056622 0.300322 
0.816681 -1.45665 0.823927 -0.822874 0.549083 0.0204154 0.260618 -0.134932 0.316632 0.266458 0.383097 0.154853 0.290616 
0.479038 -0.874524 1.58512 -0.472401 0.832384 -0.313621 0.0145037 -0.50711 -0.279228 -0.209002 -0.295306 -0.0909431 0.473692 
0.918879 -0.867668 1.18974 -0.711987 0.439152 -0.236189 0.292251 -0.0775382 -0.0170011 0.262221 0.1185 0.0794473 0.324784 
0.887276 -1.07383 1.24466 -0.491426 0.714577 -0.353139 0.305986 0.0113567 -0.203894 -0.16242 0.046583 -0.5862 0.0483259 
1.10858 -1.37703 0.761283 -0.775177 0.308262 -0.474162 0.321717 -0.52939 0.0587351 0.174692 -0.192747 -0.066231 -0.03748 
1.11435 -0.847149 1.6883 -0.343615 0.474599 -0.672436 0.257804 -0.293294 0.160826 0.0250445 -0.137414 0.0729113 0.331389 
1.14925 -0.912847 1.59195 -0.511977 0.652545 -0.161715 0.138723 0.0215494 0.255961 -0.198308 -0.579187 -0.505533 0.0487377 
1.06817 -0.84724 1.24275 -1.06709 0.489648 -0.206163 0.545597 -0.132355 -0.115232 0.0538236 -0.400311 -0.615119 -0.304319 
1.28009 -0.692447 1.20634 -0.84481 0.568647 -0.11704 -0.0601583 -0.174205 -0.0903787 -0.409706 -0.202936 -0.443145 0.0109186 
1.14157 -1.09893 1.19116 -0.379382 0.777298 -0.347014 0.0088861 -0.298286 -0.214129 -0.366077 -0.281741 -0.387121 0.102054 
0.369935 -1.36937 1.39724 -0.483632 0.760335 -0.33384 0.670092 -0.180553 0.359398 -0.217802 -0.191666 -0.334132 -0.0296534 
0.662595 -0.636152 1.73284 -0.770792 0.590479 -0.250734 0.0658299 -0.446572 -0.131101 0.0305417 0.0454256 0.023782 0.218409 
0.821457 -1.05074 1.45422 -0.375963 0.853073 -0.271807 0.243944 -0.107061 -0.00516691 -0.0293751 -0.285696 -0.0530156 0.409057 
1.16633 -1.21028 1.09617 -0.465594 0.703429 -0.536888 0.384186 0.0930627 0.165755 0.110142 -0.294867 0.0215326 0.150858 
0.856677 -0.986411 0.812151 -0.961912 0.604215 -0.0235413 0.893725 0.0117984 0.266098 -0.0260603 -0.0528478 -0.0955715 0.272534 
0.0666729 -1.3705 1.80367 -0.12489 0.626565 -0.440507 0.296656 0.0628732 0.439794 0.22948 -0.0838269 0.0958082 -0.0994046 
0.642504 -0.733462 1.25894 -0.604542 0.484067 -0.131925 0.564385 0.18162 -0.00609107 0.0238617 0.123643 -0.0837998 -0.181723 
0.47109 -0.945049 1.38661 -0.879517 0.25048 -0.599052 0.299656 -0.281854 -0.235066 0.189668 -0.0603175 -0.409326 -0.0341682 
0.516055 -0.766119 1.2287 -1.01784 -0.0135534 -0.593925 0.121457 -0.223186 0.196907 -0.166699 -0.0621858 -0.210607 0.120486 
0.942643 -0.478106 1.59841 -0.490967 0.473204 -0.281148 0.140785 -0.300974 0.157216 0.50817 0.283884 -0.161901 0.332142 
0.271848 -1.01738 1.38283 -0.356381 0.762496 -0.184268 0.645196 0.23415 0.183295 0.0751522 -0.570585 -0.469463 0.210671 
0.91063 -0.986827 1.49066 -1.01568 0.763686 -0.0144415 0.33318 -0.437086 0.0389006 0.0164487 -0.433935 -0.232488 0.326178 
0.601447 -1.10961 1.53035 -0.771671 0.468678 -0.404047 0.0213033 -0.404149 0.09154 -0.0970931 -0.164997 -0.329579 0.0552557 
0.665179 -0.923528 1.32187 -0.362932 0.254973 -0.309434 0.295618 -0.140178 -0.0477916 -0.00490689 -0.0861622 -0.0861457 -0.0148655 
1.47979 -0.694174 1.66971 -0.428431 0.607449 -0.206028 0.424664 -0.113437 0.0213969 0.223578 -0.112857 -0.122534 0.242258 
0.820041 -1.26971 1.36987 -0.582316 1.02721 -0.772678 -0.205875 -0.180238 0.036536 0.547831 0.205736 -0.474813 0.130771 
1.0691 -1.42937 1.01389 -0.397272 0.83188 -0.197488 0.213931 -0.620633 -0.15646 0.170133 -0.043112 0.0982478 0.265687 
1.13034 -0.795749 1.56802 -0.791556 0.252366 -0.0218532 0.365715 -0.103062 0.0121431 0.196495 0.176118 0.100978 -0.128756 
0.52678 -1.00656 1.33721 -0.328685 0.553862 -0.535459 0.0456405 -0.0680998 -0.145074 0.37 -0.000380564 -0.405135 0.0356877 
0.572269 -1.17833 1.26064 -0.851161 0.59992 -0.804357 -0.121513 -0.502979 0.00476332 0.119914 -0.152583 -0.273997 0.193589 
1.01348 -1.13229 1.34317 -0.530555 0.251498 -0.662346 0.126621 0.0818453 0.382785 0.357967 -0.125287 -0.230343 0.128459 
0.696717 -0.909818 1.5289 -0.814285 0.534844 -0.248536 0.599573 0.0680893 0.210723 0.157086 -0.294681 -0.130915 0.0319219 
0.936596 -0.726826 1.52223 -0.737859 0.302911 -0.650768 0.314068 -0.316016 0.298666 0.377453 -0.256692 -0.284049 0.0354336 
1.47301 -0.852833 1.23265 -0.954566 0.189891 -0.476548 0.592333 -0.00808296 0.395336 0.600533 0.077554 -0.078256 -0.129335 
0.942614 -1.1102 1.1317 -1.02261 0.525248 -0.419655 0.0270811 -0.571599 0.0400321 0.593724 0.246515 0.00145659 0.387808 
1.39991 -1.13237 1.06173 -1.354 0.0356438 -0.588178 -0.162895 -0.154373 0.691719 0.708207 -0.241603 -0.417948 -0.0395266 
1.41149 -1.08255 1.23645 -0.68687 0.584727 0.0271657 0.421866 0.212231 0.198911 0.0872669 -0.118384 -0.378765 -0.279283 
0.769931 -1.10569 1.4486 -0.932859 0.289533 -0.272312 0.175034 -0.140398 0.262956 0.530657 0.250515 0.0531065 0.0847151 
0.820744 -1.14296 1.41992 -0.662892 0.482666 -0.303504 0.553394 0.229191 0.506102 0.405069 -0.163916 0.0548049 -0.0205612 
0.808186 -1.4412 1.1134 -0.599359 0.624616 -0.449546 0.303491 0.213491 0.229973 0.408508 0.13727 -0.00149541 0.234628 
0.886731 -0.58618 1.45135 -0.493839 0.592726 -0.653149 -0.2422 -0.155121 0.222774 -0.0230002 -0.316199 0.0371954 0.574562 
0.440213 -1.27481 1.04323 -0.964448 0.446822 -0.272003 0.348878 -0.408669 0.0651244 0.0871874 0.244605 0.165409 0.104957 
0.321586 -1.58662 1.51935 -0.350724 0.921016 -0.131423 0.0107352 -0.320711 -0.314257 -0.155298 -0.187358 -0.175144 -0.0300455 
0.406913 -1.38009 1.65286 -0.533019 0.566882 -0.493508 0.534365 0.135879 0.158203 0.354086 0.0139868 -0.05941 0.277953 
0.436025 -1.32917 1.11923 -0.788569 0.757324 -0.0660868 0.529811 -0.0966413 0.122534 0.159591 -0.117799 -0.222852 0.158067 
1.20287 -0.947984 1.44242 -0.427251 0.941919 -0.182167 0.0366387 -0.214069 0.0546783 0.37837 0.315025 0.160439 0.140256 
0.59422 -0.971271 1.70592 -0.283316 0.689812 -0.36455 0.299224 -0.168249 0.0903503 0.0841495 -0.163049 -0.0772903 0.297297 
0.772147 -1.11104 1.25495 -0.693276 0.518779 -0.378088 0.0910124 -0.0378579 -0.0910325 0.154732 -0.127677 0.140644 0.38285 
0.62662 -1.20699 1.45646 -0.647566 0.857825 -0.108123 0.354274 -0.250565 0.40306 0.265705 0.131992 -0.0817221 0.0990443 
0.667482 -1.42238 1.29936 -0.553293 0.381143 -0.713795 0.0612661 -0.122847 0.171663 0.0653545 -0.264526 -0.528897 0.318901 
0.694686 -1.07002 1.16639 -0.647573 0.314059 -0.390771 0.094418 -0.334453 -0.163706 0.0345856 -0.00289826 -0.242259 0.244639 
0.786619 -1.33366 0.792978 -0.973787 0.166806 -0.484313 0.261743 -0.0359947 0.155896 0.143435 0.107003 -0.145167 0.117578 
-0.326976 -1.80454 0.915213 -0.980589 0.377251 -0.314983 0.176026 -0.4507 -0.0327875 -0.230809 -0.961825 -0.653364 0.180573 
0.800551 -1.32066 1.11671 -0.405428 0.476217 -0.403518 -0.0445091 -0.164478 0.0152467 0.115054 0.0934156 -0.30035 0.0823005 
0.958136 -1.23374 1.17224 -0.728527 0.58739 -0.115033 0.449807 -0.132854 -0.0789208 -0.213917 0.128844 0.238689 0.25981 
0.319263 -1.32356 1.31833 -0.58476 0.583777 -0.931845 0.189774 -0.160577 0.528978 0.414054 0.173658 0.31943 0.484477 
0.957695 -0.927873 1.34698 -0.676008 0.737116 -0.432706 -0.0452533 -0.446849 -0.142856 -0.194063 -0.0221267 0.657392 0.433912 
0.444206 -0.817846 1.48961 -0.950148 0.229591 -0.628669 0.00975437 0.150484 0.386403 0.404286 -0.219747 -0.00918641 0.207528 
0.823428 -1.19849 1.01874 -0.431712 0.629051 0.193495 0.576897 0.165459 0.133653 0.0795396 -0.0462845 -0.0490245 0.345464 
0.988335 -1.23518 1.01364 -0.652685 0.596134 -0.392318 0.818244 0.180491 0.14848 -0.0232358 -0.180088 -0.451405 -0.0235565 
0.761563 -0.703166 2.31142 -0.0230636 0.44613 -0.322929 0.637399 -0.201703 -0.0677059 -0.416879 -0.0971554 0.00663428 0.38726 
0.565813 -1.30096 1.05065 -0.792425 0.40521 -0.114576 0.661935 -0.0119249 -0.0574927 0.0816693 -0.237942 -0.286716 -0.0105788 
0.829292 -1.0446 1.47193 -0.553797 0.553563 -0.527587 0.383814 -0.185001 0.183727 -0.0623857 -0.0700657 0.1565 0.107301 
1.29399 -0.64877 1.35649 -0.793474 0.425854 -0.630408 0.13848 -0.422195 -0.102255 0.234242 0.0294324 -0.302731 0.147966 
0.816297 -0.704249 1.63389 -0.760996 0.209816 -0.726329 0.562065 0.00336995 -0.0119669 0.548932 0.355139 -0.0497339 0.0342573 
